0.534086 -0.151441 0.029801
0.244373 -0.136752 0.110539
0.436419 -0.065087 -0.018415
0.913665 -0.168260 0.054648
1.008927 -0.076417 0.076597
0.786308 -0.081033 0.156893
0.844809 -0.029140 0.130614
0.664766 -0.168282 -0.015241
0.720891 -0.182870 0.062835
0.823510 0.009935 0.070099
0.621065 -0.110029 0.061781
0.783461 -0.167923 0.095837
0.592354 -0.118936 0.047396
0.686506 -0.147800 0.019704
0.681711 -0.024584 0.042213
0.733162 -0.139503 0.011565
0.713345 -0.189953 0.119744
0.749074 -0.357573 -0.103208
0.634213 -0.175554 -0.111004
0.816536 -0.222013 -0.096140
0.828148 0.014858 -0.045351
0.711403 -0.100860 0.001880
0.502025 0.048415 -0.146363
0.760925 -0.113947 -0.041729
0.503348 -0.189356 -0.097627
0.778414 -0.318959 0.008266
0.609976 -0.156602 -0.060720
0.564555 -0.335712 -0.134267
0.622418 -0.220173 -0.073856
0.621373 -0.282442 -0.015730
0.891873 -0.255292 -0.164899
0.632589 -0.072392 -0.131378
0.624068 -0.085077 -0.034399
0.505724 -0.115615 -0.105949
0.452167 -0.039981 -0.184720
0.515769 0.005220 0.089042
0.558708 -0.139247 -0.012541
0.615001 0.034194 -0.072998
0.887796 -0.126653 0.010577
0.372617 -0.131259 -0.012159
0.398899 -0.224090 -0.147515
0.769173 0.017212 0.025733
0.201675 -0.269429 -0.150314
0.370200 -0.328641 -0.117909
0.429465 -0.147616 -0.003988
0.662278 -0.281878 -0.066204
0.472233 -0.032390 -0.165864
0.455466 -0.183101 -0.198991
0.388912 -0.273777 -0.196553
0.631570 -0.077019 0.033913
0.368159 -0.020010 -0.083622
0.613611 -0.234970 0.044436
0.459261 -0.224578 0.031259
0.560682 -0.314951 -0.029304
0.342222 -0.213653 -0.036386
0.217576 -0.240118 -0.016226
0.160253 -0.235049 -0.035777
0.754530 -0.168870 -0.047602
0.615313 -0.245445 -0.138207
0.600662 -0.212770 0.017191
0.630239 -0.141882 -0.033191
0.246501 -0.069258 -0.062183
0.439735 -0.326637 -0.129186
0.293890 -0.200388 -0.103548
0.680917 -0.168253 -0.072579
0.654755 -0.144167 0.037248
0.672695 0.014406 0.083480
0.407218 -0.105334 0.024925
0.734709 -0.197892 -0.095076
0.481654 -0.198569 -0.135357
0.485463 -0.309481 -0.091392
0.566381 -0.366554 -0.058179
0.449650 -0.244902 -0.145169
0.455105 -0.310238 -0.178173
0.481794 -0.219033 -0.105181
0.571478 -0.353585 0.025840
0.279446 -0.019290 0.002553
0.385492 -0.128014 0.038366
0.527725 -0.242942 -0.106068
0.820800 -0.265317 -0.040327
0.849770 0.035827 -0.084052
0.583195 0.007249 -0.133116
0.398096 -0.049685 0.097603
0.983791 0.076317 0.064663
0.271365 -0.040832 0.034200
0.601067 0.031313 0.015106
0.806694 0.007269 -0.196939
0.774964 -0.074246 -0.003143
0.797347 -0.190772 -0.058248
0.415831 -0.058457 -0.157781
0.451130 -0.155903 -0.104761
0.524383 -0.213735 0.034249
0.448586 -0.132383 -0.024083
0.407720 -0.331957 -0.254565
0.645246 -0.009113 0.042988
0.667449 -0.254104 -0.204816
0.559321 -0.045520 -0.048385
0.239565 -0.189032 -0.068582
0.593735 -0.098802 -0.150962
0.503534 -0.270701 -0.129186
0.176715 -0.192378 0.042173
0.389868 -0.070560 0.195865
0.423857 -0.051511 0.320177
0.429043 -0.064793 0.252211
0.436637 -0.078154 0.330751
0.484086 -0.115129 0.319088
0.315201 -0.204137 0.259262
0.374839 -0.316949 0.289108
0.657725 -0.137231 0.339970
0.538475 -0.154936 0.397091
0.232216 0.018827 0.317625
0.650298 -0.069272 0.364446
0.326671 -0.216250 0.329267
0.530297 -0.147181 0.433685
0.801082 -0.136580 0.257754
0.443612 -0.190376 0.313973
0.590756 -0.191735 0.297768
0.516272 -0.168860 0.189630
0.852563 -0.001812 0.393862
0.538351 -0.180471 0.367796
0.687174 -0.012972 0.256650
0.330703 -0.020812 0.174344
0.350829 -0.164760 0.240579
0.469634 -0.159527 0.410872
0.452260 -0.076820 0.262244
0.459552 -0.090468 0.366189
0.409366 -0.143866 0.294163
0.493749 -0.013235 0.266337
0.580443 -0.347591 0.165017
0.612856 -0.076751 0.275069
0.402660 -0.122047 0.297927
0.404717 -0.080521 0.265151
0.463607 -0.070604 0.234299
0.605201 -0.108665 0.517166
0.462007 -0.144972 0.262531
0.372129 -0.019152 0.199348
0.391153 0.196280 0.161554
0.518563 -0.083026 0.470811
0.531024 -0.112126 0.208032
0.580836 -0.053027 0.414355
0.582358 -0.190562 0.196865
0.353985 0.032771 0.308226
0.613723 -0.035923 0.366562
0.322712 0.083411 0.292014
0.656863 -0.036819 0.283274
0.432954 0.117573 0.379970
0.542804 0.056923 0.328418
0.467914 0.027215 0.181423
0.271241 0.035445 0.290475
0.327371 -0.058326 0.219344
0.572119 0.024196 0.313073
0.513895 0.132339 0.360395
0.507103 0.056967 0.335311
0.608142 -0.106530 0.453776
0.466999 -0.302793 0.232737
0.428797 -0.107934 0.374640
0.586831 0.103961 0.435130
0.728253 0.013611 0.399163
0.340254 -0.014531 0.230590
0.423159 -0.024667 0.402570
0.404656 -0.000645 0.489008
0.325353 0.194268 0.241628
0.472544 -0.000752 0.293234
0.451982 0.073321 0.172163
0.331118 -0.048395 0.065887
0.470900 -0.046917 0.319654
0.388068 -0.041852 0.383662
0.552618 0.031542 0.166338
0.342993 0.010695 0.129177
0.437971 -0.100366 0.274123
0.380511 -0.006760 0.023174
0.491823 -0.149859 0.461746
0.457242 -0.023840 0.403086
0.310789 -0.100709 0.262284
0.343805 -0.001938 0.382761
0.651361 0.051044 0.346838
0.344220 -0.093719 0.360512
0.227118 -0.078571 0.246570
0.422425 -0.184556 0.337240
0.226507 -0.158039 0.505798
0.401610 -0.017675 0.374366
0.394622 -0.080990 0.414972
0.469778 0.144452 0.336764
0.286893 -0.080750 0.289877
0.429738 0.206658 0.401034
0.354574 0.116647 0.375042
0.283997 0.082766 0.382205
0.498246 -0.030236 0.268608
0.442651 0.046524 0.414043
0.391249 0.074254 0.316293
0.263981 0.158939 0.318544
0.467218 -0.056306 0.445324
0.424410 0.102919 0.393926
0.713715 -0.327581 0.216545
0.280306 0.118124 0.226914
0.521383 0.104840 0.276341
0.318692 0.074062 0.203376
0.541483 -0.156183 0.389558
0.385963 0.035370 0.168304
0.424251 0.064060 0.234818
-0.300437 0.457971 -0.299958
-0.225825 0.419476 -0.219772
-0.175340 0.374166 -0.536533
-0.265849 0.259507 -0.270383
0.020434 0.040395 -0.290546
-0.182928 0.290111 -0.262247
-0.175804 0.109723 -0.302178
-0.144117 0.292517 -0.392881
-0.138532 0.234715 -0.324159
-0.027497 -0.009622 -0.431794
0.023648 0.139393 -0.311558
0.063629 0.105131 -0.326495
0.087985 0.015488 -0.305743
-0.163333 0.110438 -0.428354
0.045140 -0.087197 -0.264864
-0.058952 0.093577 -0.353725
0.149185 0.020932 -0.435688
-0.013117 0.026692 -0.431910
-0.213661 0.225979 -0.465032
-0.064816 0.221610 -0.372174
-0.097972 0.010392 -0.444492
-0.065484 0.047321 -0.480911
-0.188317 -0.030128 -0.516253
-0.123648 0.042205 -0.331391
-0.003392 0.017771 -0.430576
-0.039918 -0.025737 -0.354074
-0.056412 -0.150782 -0.416253
-0.168375 -0.119001 -0.560450
-0.077385 0.031021 -0.370683
-0.050631 0.059259 -0.380924
0.010826 -0.012941 -0.500854
0.015885 0.077191 -0.423830
-0.161743 -0.067203 -0.510160
-0.095324 0.100161 -0.397284
0.038519 -0.086941 -0.458461
0.033216 -0.034729 -0.573640
0.100360 0.052599 -0.428156
0.057753 0.057562 -0.421654
0.062671 -0.061950 -0.441356
0.127381 -0.006436 -0.325198
-0.101785 0.220897 -0.202473
-0.067850 0.192373 -0.395137
-0.212313 0.143406 -0.430543
0.064339 0.038298 -0.465176
-0.130190 -0.087740 -0.509363
-0.271482 0.039749 -0.607516
-0.173647 0.124267 -0.428181
-0.029808 -0.051940 -0.338475
-0.083418 -0.055805 -0.405235
-0.073939 0.155517 -0.438730
-0.011276 0.044171 -0.364788
-0.050970 -0.195855 -0.363824
-0.108017 0.059571 -0.318425
-0.204369 0.161330 -0.348191
0.008471 0.029729 -0.285957
-0.088627 -0.007083 -0.508763
-0.072271 0.098753 -0.549663
-0.216401 0.158238 -0.299547
-0.025305 0.028566 -0.395101
-0.041840 0.179589 -0.355382
-0.224515 -0.099974 -0.248897
-0.024299 -0.092975 -0.310495
0.017003 0.078772 -0.265700
-0.157758 -0.046443 -0.554436
-0.055901 0.393647 -0.222834
-0.097799 0.074581 -0.422903
-0.004648 0.099649 -0.365517
0.001382 0.198080 -0.247622
-0.183549 -0.029382 -0.501138
-0.092384 -0.113150 -0.298477
-0.085850 0.263797 -0.405189
-0.254799 0.012177 -0.625613
-0.149913 0.033943 -0.483336
-0.304042 0.223087 -0.526890
-0.164377 0.272578 -0.294835
-0.119203 0.162652 -0.374514
-0.126729 0.189730 -0.315344
-0.274917 0.235649 -0.541378
-0.374530 0.292307 -0.558361
-0.234045 0.408882 -0.419678
-0.145468 0.062881 -0.410865
-0.087177 0.146729 -0.448558
-0.073090 -0.006623 -0.483543
-0.211931 0.010880 -0.449120
-0.047589 0.091334 -0.324546
-0.135627 0.036837 -0.472599
-0.194042 0.280355 -0.202523
-0.129346 0.107597 -0.429572
-0.137113 0.090449 -0.467781
-0.069047 0.149600 -0.417169
-0.535541 0.358107 -0.233593
-0.199141 0.009584 -0.473594
-0.187041 0.112722 -0.336451
-0.255093 -0.028618 -0.429021
-0.112805 0.119156 -0.401881
-0.175652 0.000216 -0.453177
-0.155545 0.066551 -0.477425
-0.300288 -0.017109 -0.357027
-0.347143 0.166146 -0.441523
-0.185451 0.260235 -0.242341
-0.130846 -0.165077 -0.181257
-0.344229 -0.399925 -0.213025
-0.131436 -0.309878 -0.249179
-0.456570 -0.319128 -0.103286
-0.218829 -0.470228 -0.330346
-0.296636 -0.532397 -0.283404
-0.182418 -0.253981 0.026412
-0.224643 -0.474000 -0.323602
-0.194419 -0.277238 -0.060936
-0.219590 -0.215875 -0.149950
-0.367024 -0.414028 -0.363980
-0.273281 -0.401263 -0.345349
-0.124205 -0.372523 -0.266148
-0.101266 -0.343055 -0.200972
-0.291116 -0.371102 -0.367266
-0.148611 -0.429753 -0.362341
-0.309630 -0.360568 -0.289068
-0.255818 -0.236248 -0.239663
-0.189414 -0.389811 -0.263743
-0.344092 -0.511573 -0.479716
-0.212714 -0.271118 -0.263258
-0.002653 -0.250626 -0.285400
-0.164810 -0.359806 -0.304329
-0.062502 -0.267100 -0.211510
0.026361 -0.442450 -0.304806
0.042723 -0.270120 -0.105291
-0.128917 -0.321451 -0.100403
-0.127542 -0.230698 -0.178928
-0.082116 -0.173576 -0.017948
0.031413 -0.206954 -0.241996
-0.141873 -0.337791 -0.310549
-0.124577 -0.369502 -0.279193
-0.065253 -0.373917 -0.166734
-0.206975 -0.253346 -0.237791
-0.184082 -0.384523 -0.410459
-0.378696 -0.405975 -0.414661
-0.205214 -0.091145 -0.168975
0.035380 -0.171370 -0.144163
-0.031151 -0.304520 -0.249791
-0.150248 -0.477321 -0.374850
0.004963 -0.302266 -0.169542
0.000510 -0.281725 -0.163716
-0.139844 -0.288804 -0.245924
-0.006175 -0.356189 -0.121898
0.030540 -0.295805 -0.329854
-0.100067 -0.214973 -0.165413
-0.194574 -0.385129 -0.357141
-0.105916 -0.376849 -0.321914
-0.111717 -0.326041 -0.201742
-0.361371 -0.266822 -0.236148
-0.100196 -0.166402 -0.224432
-0.273998 -0.360370 -0.351119
-0.193001 -0.377522 -0.267898
-0.068096 -0.323201 -0.239636
-0.119903 -0.407868 -0.247104
0.034586 -0.243943 -0.160830
-0.091889 -0.255105 -0.168921
-0.159711 -0.174827 -0.201033
-0.159248 -0.283917 -0.225888
-0.015798 -0.269476 -0.202565
-0.170798 -0.250479 -0.225755
-0.122313 -0.239006 -0.312340
-0.073945 -0.235313 -0.165104
-0.033824 -0.225798 -0.191663
-0.077822 -0.167174 -0.099442
-0.059439 -0.189951 -0.100002
-0.144528 -0.195595 -0.068562
-0.092459 -0.107804 0.029883
-0.051283 -0.155827 -0.108469
-0.115716 -0.256436 -0.238344
-0.160177 -0.205863 -0.115219
-0.082473 -0.255892 -0.194280
-0.062341 -0.072884 -0.170043
-0.193488 -0.218504 -0.224172
-0.289428 -0.308720 -0.241949
-0.108225 -0.089026 -0.058153
-0.199305 -0.224152 -0.303411
-0.177613 -0.201349 -0.215044
-0.154005 -0.251432 -0.240332
-0.268024 -0.405230 -0.301310
-0.110133 -0.203532 -0.449575
-0.214350 -0.143562 -0.164112
-0.299961 -0.243723 -0.297996
-0.164806 -0.087741 -0.074131
-0.238237 -0.259074 -0.365037
-0.185343 -0.247302 -0.254248
-0.236378 -0.169987 -0.087039
-0.374140 -0.033691 -0.461531
-0.227866 -0.104025 -0.382168
-0.328128 -0.277468 -0.443559
-0.191806 -0.013605 -0.163675
-0.174077 -0.110125 -0.088268
-0.285923 -0.094255 -0.217692
-0.170356 -0.086759 -0.196303
-0.333818 -0.119519 -0.224751
-0.160228 -0.085905 -0.205879
-0.133489 -0.153199 -0.099569
-0.078187 0.001692 -0.161721
-0.114499 -0.068586 -0.107316
-0.169525 -0.150611 -0.099216
-0.661292 -0.615282 0.464315
-0.299454 -0.021094 -0.152996
-0.372591 -0.138406 0.012614
-0.682513 -0.434118 0.419517
-0.108922 -0.214373 -0.256467
-0.545277 -0.406239 0.160667
-0.541808 -0.234582 0.143758
-0.608247 -0.475706 0.214820
-0.476957 -0.507087 0.034928
-0.506203 -0.299960 -0.027137
-0.614069 -0.468431 0.359902
-0.616222 -0.344467 0.439365
-0.598949 -0.276891 0.160733
-0.702989 -0.343586 0.225001
-0.478940 -0.204070 0.003424
-0.625850 -0.200373 -0.067805
-0.719300 -0.441029 0.305988
-0.419860 -0.077833 0.055011
-0.632697 -0.314476 0.188683
-0.808747 -0.361984 0.336265
-0.591817 -0.321146 0.404025
-0.725320 -0.439365 0.461886
-0.400666 -0.244155 0.050923
-0.707299 -0.517768 0.180094
-0.721671 -0.362750 0.518748
-0.744939 -0.331414 0.356851
-0.651767 -0.357935 0.306052
-0.576713 -0.256349 0.325536
-0.708725 -0.269169 0.167784
-0.655821 -0.315879 0.480704
-0.751220 -0.355282 0.413090
-0.498089 -0.240974 0.131644
-0.518116 -0.116874 -0.084955
-0.439521 -0.548061 0.290530
-0.340367 0.048020 0.025484
-0.781130 -0.331995 0.443830
-0.709376 -0.367159 0.366454
-0.788463 -0.309438 0.484632
-0.666169 -0.371315 0.388179
-0.707398 -0.311784 0.309120
-0.583863 -0.440969 0.444803
-0.751857 -0.292536 0.346334
-0.622538 -0.338804 0.093710
-0.804761 -0.441558 0.428681
-0.377894 -0.078831 0.078954
-0.584669 -0.265325 0.271584
-0.571738 -0.411531 0.397123
-0.423920 -0.099110 0.097621
-0.694478 -0.359268 0.219920
-0.619820 -0.307299 0.472764
-0.555810 -0.281039 0.345073
-0.558728 -0.249227 0.406055
-0.305917 0.166369 -0.120363
-0.757942 -0.107287 0.480077
-0.689202 -0.152982 -0.026397
-0.818128 -0.389168 0.453990
-0.066063 -0.043220 -0.148320
-0.770712 -0.432843 0.329059
-0.583084 -0.151020 -0.058935
-0.730497 -0.620272 0.518044
-0.654724 -0.175284 0.223191
-0.680871 -0.343961 0.207371
-0.328827 0.147474 0.043587
-0.745663 -0.403518 0.651863
-0.676934 -0.184829 0.315632
-0.758155 -0.453003 0.583660
-0.670860 -0.323859 0.312104
-0.590645 -0.567810 0.459465
-0.566698 -0.253451 0.462441
-0.603508 -0.351404 0.399713
-0.626439 -0.377937 0.440286
-0.748891 -0.437991 0.364839
-0.657603 -0.334303 0.481640
-0.723972 -0.435409 0.306589
-0.381550 -0.016143 0.217167
-0.443056 -0.143722 0.165402
-0.589624 -0.089689 0.080068
-0.823565 0.011288 0.346531
-0.663071 -0.311299 0.275926
-0.650942 -0.296274 0.423286
-0.770811 -0.443312 0.378029
-0.528276 -0.260351 0.495792
-0.430218 -0.216412 0.398244
-0.782998 -0.382104 0.340045
-0.753145 -0.290941 0.418754
-0.281414 0.083922 -0.100504
-0.815997 -0.245964 0.430615
-0.686397 -0.517637 0.460795
-0.705479 -0.501223 0.451301
-0.505348 -0.104602 0.179061
-0.724410 -0.346930 0.349540
-0.657370 -0.458345 0.303569
-0.512764 -0.043795 0.267867
-0.509915 -0.102862 -0.088621
-0.532871 -0.281503 0.299602
-0.708246 -0.388351 0.338234
-0.744862 -0.391871 0.400790
-0.675110 -0.231852 0.177349
-0.557643 -0.306523 0.539764
-0.842144 -0.406602 0.434762
0.218808 0.122988 -0.072572
0.043519 0.189504 -0.056435
0.186826 -0.094029 -0.336799
-0.127492 0.442395 0.196047
-0.258649 0.177248 -0.010106
-0.144563 0.168056 -0.103416
-0.116631 0.435595 0.002067
0.059395 0.468416 -0.022136
-0.246278 0.778633 0.055687
-0.358716 0.776314 0.018769
-0.054778 0.595652 0.101808
-0.158472 0.456549 -0.328338
-0.184406 0.823910 0.253710
-0.216212 0.624387 0.059214
-0.416873 0.518929 0.171392
-0.301960 0.452905 -0.156345
-0.033852 0.752690 0.117408
-0.308714 0.711863 -0.188678
-0.169911 0.574380 -0.054372
-0.241984 0.756548 0.058291
-0.352206 0.628762 -0.011734
-0.417213 0.537199 0.082858
-0.206580 0.712564 0.060410
-0.161641 0.696593 0.158927
-0.164154 0.541722 0.036221
-0.060709 0.807666 0.081242
-0.121480 0.329561 0.154625
0.149273 0.509862 -0.061204
-0.194512 0.574757 0.107754
0.030363 0.513838 -0.009815
0.026481 0.268645 -0.197239
-0.059664 0.723088 0.321409
-0.162170 0.759624 0.151520
-0.134409 0.812580 0.248987
-0.213303 0.785139 -0.126028
0.089627 0.755857 -0.063541
-0.162813 0.907615 0.350437
-0.348894 0.794741 0.022639
-0.148640 0.846374 0.134419
-0.266057 0.615098 0.371163
-0.161677 0.521392 0.398272
-0.340951 0.651851 0.247111
-0.039133 0.556736 0.093023
-0.029101 0.816211 0.226870
0.039365 0.675903 0.163082
-0.141329 0.686508 0.118478
0.007512 0.425078 -0.344548
-0.361864 0.740983 0.228992
-0.438016 0.793877 0.034600
-0.179890 0.788065 0.157439
-0.172466 0.777067 0.319052
-0.404080 0.693824 0.076913
-0.236438 0.638528 0.399340
-0.213317 0.543394 0.078746
-0.305341 0.525833 -0.043619
-0.406613 0.586275 0.071568
-0.247728 0.809835 0.335559
-0.078438 0.664597 0.088493
-0.203808 0.571469 0.244506
0.039248 0.581784 0.193000
-0.195204 0.372971 0.237683
-0.250256 0.569671 0.065963
0.087518 0.545029 0.054138
-0.268897 0.404760 0.169437
-0.103569 0.536702 0.211547
0.092646 0.366294 0.070918
-0.186210 0.710186 0.162254
0.130093 0.745050 0.152961
0.033909 0.580759 0.166126
-0.102819 0.746191 -0.018306
0.074759 0.640401 0.064675
-0.111904 0.713594 0.198398
-0.233609 0.889495 0.348325
-0.208256 0.814433 0.340847
0.079319 0.677268 0.131713
-0.250905 1.093580 0.249813
-0.352104 0.667438 0.032385
-0.496872 0.755367 0.056265
-0.118404 0.921790 0.051570
-0.298730 0.585713 0.333548
-0.350486 0.780173 0.181553
-0.240954 0.769686 0.298065
-0.264073 0.790922 0.252108
-0.061499 1.051429 0.180358
-0.110309 0.979917 0.132371
-0.346117 0.925698 0.113919
-0.025157 0.902661 0.281263
-0.138186 0.956089 -0.024024
-0.241306 0.884039 0.163886
0.009542 0.695233 -0.201955
-0.128717 0.998452 0.108582
0.057961 0.661261 -0.218137
-0.065041 0.854004 0.200293
0.017601 0.682981 -0.085884
-0.334225 0.799342 -0.116405
-0.286422 0.839890 -0.142270
-0.367539 0.809548 -0.109100
0.042722 0.548530 -0.094584
-0.268580 0.863941 0.086417
-0.095064 0.939268 0.031791
